"mean_AUCs"	"GOs_with_AUC"	"sd_AUCs"	"no.go.above.AUC80"	"no.unnanotated.prots"	"total.prots"	"total.predicted.go"
"20-1-0-0.2-S2"	0.45	1	NA	0.1	292.6	1378	3.9
"5-TRUE-TRUE-0.2-ppi"	0.51	2.9	0.08	0	2977.1	5437	15.9
"5-1-1-0.2-S4"	0.51	36.7	0.16	2.4	518.1	2289	250.9
"5-FALSE-FALSE-0.2-ppi"	0.52	3.8	0.07	0	1328	5437	36.9
"15-TRUE-TRUE-0.2-ppi"	0.53	2.9	0.06	0	3066.8	5437	15.9
"20-0-1-0.2-S2"	0.53	36.7	0.22	4.7	336.9	1378	105.4
"5-1-1-0.5-S4"	0.53	91.2	0.18	9	590.6	2289	250.4
"30-1-1-0.2-S2"	0.54	1.9	NA	0.2	293.1	1378	7.8
"15-1-1-0.2-S4"	0.54	8.5	0.14	0.5	498.8	2289	45.7
"10-1-1-0.2-S4"	0.54	15.7	0.15	1	501.5	2289	85.8
"20-0-1-0.2-S3"	0.55	68.3	0.19	7.6	680.9	3391	440.3
"20-1-0-0.2-S3"	0.55	171.2	0.19	19.7	823.3	3391	439.1
"15-1-1-0.5-S4"	0.55	21.5	0.16	1.4	524	2289	45.7
"20-FALSE-FALSE-0.2-ppi"	0.56	3.2	0.07	0	1328	5437	36
"15-FALSE-FALSE-0.2-ppi"	0.56	2.8	NA	0	1328	5437	36
"5-1-1-0.5-S2"	0.56	14.5	0.22	2.3	306.9	1378	106.1
"10-0-0-0.2-S4"	0.56	50.1	0.16	4.1	0	2289	365.7
"25-TRUE-TRUE-0.2-ppi"	0.57	3	0.06	0	2861.4	5437	16
"5-1-1-0.5-S1"	0.57	167.4	0.2	23.4	898.5	3565	430.4
"20-FALSE-FALSE-0.5-ppi"	0.58	8.5	0.09	0	1328	5437	35.9
"15-FALSE-FALSE-0.5-ppi"	0.58	7.2	0.09	0.1	1328	5437	35.6
"5-1-1-0.2-S1"	0.58	67.5	0.19	10.1	768	3565	431.3
"40-1-1-0.2-S3"	0.58	155.4	0.18	20.6	1	3391	1191.4
"5-0-0-0.2-S1"	0.59	160.9	0.19	25.3	2	3565	1203
"5-1-1-0.5-S3"	0.6	9.5	0.18	1.4	627	3391	54.8
"25-1-1-0.2-S4"	0.6	3	0.14	0.3	484.7	2289	18.8
"15-1-1-0.2-S1"	0.61	14.5	0.17	1.7	718.4	3565	89.8
"15-1-1-0.5-S1"	0.61	37.5	0.19	7.5	774.6	3565	89.6
"25-1-1-0.5-S3"	0.61	24.9	0.16	3.9	665.2	3391	55.9
"20-1-1-0.2-S4"	0.61	6	0.18	1	492.2	2289	28.4
"20-0-0-0.2-S4"	0.61	25	0.15	2.9	0	2289	190
"15-0-0-0.2-S4"	0.61	35	0.16	4.5	0	2289	233.9
"25-0-0-0.2-S4"	0.61	19.9	0.16	2.5	0	2289	148.4
"25-1-1-0.5-S4"	0.61	8	0.14	1.1	500.2	2289	19
"5-1-1-0.5-Complet"	0.61	283.5	0.21	52.2	1715.8	5760	695
"20-1-1-0.5-S3"	0.62	15.7	0.19	2.9	642.4	3391	85.6
"15-1-1-0.5-S3"	0.62	39.1	0.18	7.3	685	3391	85.8
"20-1-1-0.5-S4"	0.62	13.6	0.19	2.9	503.7	2289	28.4
"20-1-0-0.2-S4"	0.62	9.2	0.16	1.1	3.2	2289	79.7
"5-1-1-0.2-Inte"	0.62	113.3	0.2	20.6	1411.8	5730	693.2
"5-1-1-0.5-Inte"	0.62	284.6	0.19	52.8	1714.5	5730	692.1
"20-1-1-0.2-S1"	0.63	9.9	0.19	2.2	712	3565	54.1
"15-1-1-0.5-S2"	0.63	3	0.12	0.5	296.8	1378	16.9
"25-1-1-0.5-S2"	0.63	7.9	0.19	1.5	307.1	1378	16.8
"5-0-0-0.2-S3"	0.63	55.9	0.18	11.2	1	3391	358.6
"20-0-1-0.2-S4"	0.63	13.7	0.17	2.7	160.6	2289	71.3
"5-1-1-0.2-Complet"	0.63	113.4	0.2	24.9	1416.7	5760	697.3
"20-1-1-0.5-Complet"	0.63	50.5	0.18	8.8	1420.4	5760	106
"15-0-0-0.2-S1"	0.64	54.9	0.18	11.5	2	3565	381.3
"20-1-1-0.5-S1"	0.64	25.5	0.18	5.5	746.3	3565	54.1
"10-0-0-0.2-S2"	0.64	24.4	0.2	5.5	0	1378	210.2
"20-1-1-0.5-S2"	0.64	4.8	0.18	1.1	0.9	1378	40.6
"80-1-1-0.5-complet"	0.64	2	0.17	0.4	1276.1	5760	4
"55-1-1-0.5-complet"	0.64	7	0.19	1.6	1297.1	5760	15
"25-1-1-0.2-S1"	0.65	7	0.18	1.5	708.2	3565	36.8
"20-0-0-0.2-S3"	0.65	40.1	0.17	9	1	3391	270.7
"15-0-0-0.2-S3"	0.65	17.8	0.17	4.2	646.1	3391	37.5
"25-0-0-0.2-S3"	0.65	22.5	0.16	4.8	171.6	3391	123
"20-1-1-0.2-Inte"	0.65	19.7	0.18	4.2	1305.3	5730	105.5
"20-1-1-0.5-Inte"	0.65	49.9	0.19	11.6	1393.7	5730	104.6
"25-1-1-0.2-Complet"	0.65	13.9	0.18	3	1314.6	5760	74.7
"15-1-1-0.5-Complet"	0.65	76.3	0.19	16.2	1463.2	5760	167.9
"25-1-1-0.5-Complet"	0.65	35.6	0.17	7.1	1390.6	5760	74.4
"25-0-0-0.2-S1"	0.66	33.4	0.15	6.4	2	3565	224.4
"20-1-0-0.2-S1"	0.66	20.8	0.16	4.3	9.2	3565	127.4
"15-0-0-0.2-S2"	0.66	16.9	0.19	3.9	0	1378	147.1
"25-0-0-0.2-S2"	0.66	9.3	0.2	2.4	0	1378	80.7
"15-1-1-0.5-Inte"	0.66	74.9	0.18	17	1435.5	5730	166.8
"20-1-1-0.2-Complet"	0.66	19.5	0.2	4.9	1333	5760	106.3
"20-0-0-0.2-S1"	0.67	40	0.16	10.1	2	3565	273.3
"20-0-1-0.2-S1"	0.67	23.7	0.18	7.1	215.9	3565	122.7
"25-1-1-0.2-S3"	0.67	33	0.15	8.1	1	3391	224.2
"5-1-1-0.2-S3"	0.67	19.9	0.16	4.5	5.5	3391	129.4
"15-1-1-0.2-Inte"	0.67	29.5	0.18	7	1323.3	5730	167.9
"5-0-0-0.2-Inte"	0.67	256	0.19	65.2	3.1	5730	1810.4
"25-1-1-0.5-Inte"	0.67	35.5	0.17	8.5	1361.4	5730	74.3
"15-1-1-0.2-Complet"	0.67	30.6	0.18	7.7	1331.2	5760	168.1
"25-1-1-0.5-S1"	0.68	17.8	0.16	4.2	733.9	3565	36.8
"25-1-1-0.2-S2"	0.68	1.9	NA	0.5	294.4	1378	12.8
"5-1-1-0.2-S2"	0.68	3.9	0.16	1.2	294.8	1378	7.6
"20-0-0-0.2-S2"	0.68	5.7	0.16	1.9	82	1378	35.1
"20-1-1-0.2-S3"	0.68	6.9	0.17	1.8	621.3	3391	37.6
"15-1-1-0.2-S3"	0.68	2	0.14	0.3	614.7	3391	13
"25-1-1-0.2-Inte"	0.68	13.9	0.18	3.5	1289.4	5730	74.6
"5-0-0-0.2-Complet"	0.68	256.9	0.21	71.7	3.1	5760	1814.1
"55-0-0-0.5-complet"	0.68	51.7	NA	11	3	5760	150.3
"40-1-1-0.2-Inte"	0.69	7	0.16	1.8	1271.2	5730	36.8
"40-1-1-0.2-Complet"	0.69	7	0.18	1.9	1292.5	5760	36.9
"20-1-1-0.2-S2"	0.7	13.4	0.17	3.9	0	1378	104.9
"15-1-1-0.2-S2"	0.7	5.9	0.17	2.1	300.2	1378	12.8
"40-1-1-0.2-S1"	0.71	3	0.19	1.2	694.8	3565	14
"20-0-0-0.2-Inte"	0.71	67.6	0.15	17.8	3	5730	448.5
"15-0-0-0.2-Inte"	0.71	95.9	0.17	29.4	3	5730	623
"20-0-1-0.2-Inte"	0.71	40.7	0.16	12.1	467.1	5730	216.9
"15-0-0-0.2-Complet"	0.71	98.3	0.17	29.2	3	5760	624
"20-1-0-0.2-Inte"	0.72	34.3	0.16	10.3	19.8	5730	217.9
"20-0-0-0.2-Complet"	0.72	69.9	0.16	19.8	3	5760	449
"20-0-1-0.2-Complet"	0.72	40.5	0.17	12.8	476.9	5760	217.8
"25-0-0-0.2-Inte"	0.73	56.6	0.15	17	3	5730	352.3
"25-0-0-0.2-Complet"	0.73	57	0.15	18	3	5760	353.7
"20-1-0-0.2-Complet"	0.74	33.2	0.14	11	18.8	5760	218
"55-0-1-0.2-complet"	0.74	10.9	0.13	3.4	507	5760	55.9
"70-0-1-0.2-complet"	0.75	8	0.14	3.2	489.4	5760	41
"70-1-0-0.2-complet"	0.75	7.8	0.12	2.8	9.2	5760	52
"70-0-0-0.2-complet"	0.75	22.1	0.12	7	3	5760	134.6
"55-0-0-0.2-complet"	0.75	25.2	0.14	8.1	3	5760	169
"40-0-0-0.5-complet"	0.76	54.6	0.13	19.9	3	5760	138.8
"55-1-0-0.2-complet"	0.76	9.8	0.12	3.3	10.1	5760	65.9
