"mean_AUCs"	"GOs_with_AUC"	"sd_AUCs"	"no.go.above.AUC80"	"no.unnanotated.prots"	"total.prots"	"total.predicted.go"
"20-1-0-0.2-Complet"	0.74	33.2	0.14	11	18.8	5760	218
"25-0-0-0.2-Complet"	0.73	57	0.15	18	3	5760	353.7
"20-0-0-0.2-Complet"	0.72	69.9	0.16	19.8	3	5760	449
"20-0-1-0.2-Complet"	0.72	40.5	0.17	12.8	476.9	5760	217.8
"15-0-0-0.2-Complet"	0.71	98.3	0.17	29.2	3	5760	624
"40-1-1-0.2-Complet"	0.69	7	0.18	1.9	1292.5	5760	36.9
"5-0-0-0.2-Complet"	0.68	256.9	0.21	71.7	3.1	5760	1814.1
"15-1-1-0.2-Complet"	0.67	30.6	0.18	7.7	1331.2	5760	168.1
"20-1-1-0.2-Complet"	0.66	19.5	0.2	4.9	1333	5760	106.3
"25-1-1-0.2-Complet"	0.65	13.9	0.18	3	1314.6	5760	74.7
"15-1-1-0.5-Complet"	0.65	76.3	0.19	16.2	1463.2	5760	167.9
"25-1-1-0.5-Complet"	0.65	35.6	0.17	7.1	1390.6	5760	74.4
"5-1-1-0.2-Complet"	0.63	113.4	0.2	24.9	1416.7	5760	697.3
"20-1-1-0.5-Complet"	0.63	50.5	0.18	8.8	1420.4	5760	106
"5-1-1-0.5-Complet"	0.61	283.5	0.21	52.2	1715.8	5760	695
