"mean_AUCs"	"GOs_with_AUC"	"sd_AUCs"	"no.go.above.AUC80"	"no.unnanotated.prots"	"total.prots"	"total.predicted.go"
"25-0-0-0.2-Inte"	0.73	56.6	0.15	17	3	5730	352.3
"20-1-0-0.2-Inte"	0.72	34.3	0.16	10.3	19.8	5730	217.9
"20-0-0-0.2-Inte"	0.71	67.6	0.15	17.8	3	5730	448.5
"15-0-0-0.2-Inte"	0.71	95.9	0.17	29.4	3	5730	623
"20-0-1-0.2-Inte"	0.71	40.7	0.16	12.1	467.1	5730	216.9
"40-1-1-0.2-Inte"	0.69	7	0.16	1.8	1271.2	5730	36.8
"25-1-1-0.2-Inte"	0.68	13.9	0.18	3.5	1289.4	5730	74.6
"15-1-1-0.2-Inte"	0.67	29.5	0.18	7	1323.3	5730	167.9
"5-0-0-0.2-Inte"	0.67	256	0.19	65.2	3.1	5730	1810.4
"25-1-1-0.5-Inte"	0.67	35.5	0.17	8.5	1361.4	5730	74.3
"15-1-1-0.5-Inte"	0.66	74.9	0.18	17	1435.5	5730	166.8
"20-1-1-0.2-Inte"	0.65	19.7	0.18	4.2	1305.3	5730	105.5
"20-1-1-0.5-Inte"	0.65	49.9	0.19	11.6	1393.7	5730	104.6
"5-1-1-0.2-Inte"	0.62	113.3	0.2	20.6	1411.8	5730	693.2
"5-1-1-0.5-Inte"	0.62	284.6	0.19	52.8	1714.5	5730	692.1
