"mean_AUCs"	"GOs_with_AUC"	"sd_AUCs"	"no.go.above.AUC80"	"no.unnanotated.prots"	"total.prots"	"total.predicted.go"
"40-1-1-0.2-S1"	0.71	3	0.19	1.2	694.8	3565	14
"25-1-1-0.5-S1"	0.68	17.8	0.16	4.2	733.9	3565	36.8
"20-0-0-0.2-S1"	0.67	40	0.16	10.1	2	3565	273.3
"20-0-1-0.2-S1"	0.67	23.7	0.18	7.1	215.9	3565	122.7
"25-0-0-0.2-S1"	0.66	33.4	0.15	6.4	2	3565	224.4
"20-1-0-0.2-S1"	0.66	20.8	0.16	4.3	9.2	3565	127.4
"25-1-1-0.2-S1"	0.65	7	0.18	1.5	708.2	3565	36.8
"15-0-0-0.2-S1"	0.64	54.9	0.18	11.5	2	3565	381.3
"20-1-1-0.5-S1"	0.64	25.5	0.18	5.5	746.3	3565	54.1
"20-1-1-0.2-S1"	0.63	9.9	0.19	2.2	712	3565	54.1
"15-1-1-0.2-S1"	0.61	14.5	0.17	1.7	718.4	3565	89.8
"15-1-1-0.5-S1"	0.61	37.5	0.19	7.5	774.6	3565	89.6
"5-0-0-0.2-S1"	0.59	160.9	0.19	25.3	2	3565	1203
"5-1-1-0.2-S1"	0.58	67.5	0.19	10.1	768	3565	431.3
"5-1-1-0.5-S1"	0.57	167.4	0.2	23.4	898.5	3565	430.4
