"mean_AUCs"	"GOs_with_AUC"	"sd_AUCs"	"no.go.above.AUC80"	"no.unnanotated.prots"	"total.prots"	"total.predicted.go"
"20-1-1-0.2-S2"	0.7	13.4	0.17	3.9	0	1378	104.9
"15-1-1-0.2-S2"	0.7	5.9	0.17	2.1	300.2	1378	12.8
"25-1-1-0.2-S2"	0.68	1.9	NA	0.5	294.4	1378	12.8
"5-1-1-0.2-S2"	0.68	3.9	0.16	1.2	294.8	1378	7.6
"20-0-0-0.2-S2"	0.68	5.7	0.16	1.9	82	1378	35.1
"15-0-0-0.2-S2"	0.66	16.9	0.19	3.9	0	1378	147.1
"25-0-0-0.2-S2"	0.66	9.3	0.2	2.4	0	1378	80.7
"10-0-0-0.2-S2"	0.64	24.4	0.2	5.5	0	1378	210.2
"20-1-1-0.5-S2"	0.64	4.8	0.18	1.1	0.9	1378	40.6
"15-1-1-0.5-S2"	0.63	3	0.12	0.5	296.8	1378	16.9
"25-1-1-0.5-S2"	0.63	7.9	0.19	1.5	307.1	1378	16.8
"5-1-1-0.5-S2"	0.56	14.5	0.22	2.3	306.9	1378	106.1
"30-1-1-0.2-S2"	0.54	1.9	NA	0.2	293.1	1378	7.8
"20-0-1-0.2-S2"	0.53	36.7	0.22	4.7	336.9	1378	105.4
"20-1-0-0.2-S2"	0.45	1	NA	0.1	292.6	1378	3.9
