"mean_AUCs"	"GOs_with_AUC"	"sd_AUCs"	"no.go.above.AUC80"	"no.unnanotated.prots"	"total.prots"	"total.predicted.go"
"20-1-1-0.2-S3"	0.68	6.9	0.17	1.8	621.3	3391	37.6
"15-1-1-0.2-S3"	0.68	2	0.14	0.3	614.7	3391	13
"25-1-1-0.2-S3"	0.67	33	0.15	8.1	1	3391	224.2
"5-1-1-0.2-S3"	0.67	19.9	0.16	4.5	5.5	3391	129.4
"20-0-0-0.2-S3"	0.65	40.1	0.17	9	1	3391	270.7
"15-0-0-0.2-S3"	0.65	17.8	0.17	4.2	646.1	3391	37.5
"25-0-0-0.2-S3"	0.65	22.5	0.16	4.8	171.6	3391	123
"5-0-0-0.2-S3"	0.63	55.9	0.18	11.2	1	3391	358.6
"20-1-1-0.5-S3"	0.62	15.7	0.19	2.9	642.4	3391	85.6
"15-1-1-0.5-S3"	0.62	39.1	0.18	7.3	685	3391	85.8
"25-1-1-0.5-S3"	0.61	24.9	0.16	3.9	665.2	3391	55.9
"5-1-1-0.5-S3"	0.6	9.5	0.18	1.4	627	3391	54.8
"40-1-1-0.2-S3"	0.58	155.4	0.18	20.6	1	3391	1191.4
"20-0-1-0.2-S3"	0.55	68.3	0.19	7.6	680.9	3391	440.3
"20-1-0-0.2-S3"	0.55	171.2	0.19	19.7	823.3	3391	439.1
