"mean_AUCs"	"GOs_with_AUC"	"sd_AUCs"	"no.go.above.AUC80"	"no.unnanotated.prots"	"total.prots"	"total.predicted.go"
"20-0-1-0.2-S4"	0.63	13.7	0.17	2.7	160.6	2289	71.3
"20-1-1-0.5-S4"	0.62	13.6	0.19	2.9	503.7	2289	28.4
"20-1-0-0.2-S4"	0.62	9.2	0.16	1.1	3.2	2289	79.7
"20-1-1-0.2-S4"	0.61	6	0.18	1	492.2	2289	28.4
"20-0-0-0.2-S4"	0.61	25	0.15	2.9	0	2289	190
"15-0-0-0.2-S4"	0.61	35	0.16	4.5	0	2289	233.9
"25-0-0-0.2-S4"	0.61	19.9	0.16	2.5	0	2289	148.4
"25-1-1-0.5-S4"	0.61	8	0.14	1.1	500.2	2289	19
"25-1-1-0.2-S4"	0.6	3	0.14	0.3	484.7	2289	18.8
"10-0-0-0.2-S4"	0.56	50.1	0.16	4.1	0	2289	365.7
"15-1-1-0.5-S4"	0.55	21.5	0.16	1.4	524	2289	45.7
"15-1-1-0.2-S4"	0.54	8.5	0.14	0.5	498.8	2289	45.7
"10-1-1-0.2-S4"	0.54	15.7	0.15	1	501.5	2289	85.8
"5-1-1-0.5-S4"	0.53	91.2	0.18	9	590.6	2289	250.4
"5-1-1-0.2-S4"	0.51	36.7	0.16	2.4	518.1	2289	250.9
